Page 1 Img 1 (123x43): Colors: [(255, 255, 255), (255, 255, 255), (255, 255, 255), (255, 255, 255)]
Page 1 Img 2 (164x158): Colors: [(255, 255, 255), (255, 255, 255), (255, 255, 255), (255, 255, 255)]
Page 1 Img 3 (30x38): Colors: [(0, 0, 0), (0, 0, 0), (0, 0, 0), (0, 0, 0)]
Page 1 Img 4 (30x70): Colors: [(0, 0, 0), (0, 0, 0), (0, 0, 0), (0, 0, 0)]
Page 1 Img 5 (30x70): Colors: [(0, 0, 0), (0, 0, 0), (0, 0, 0), (0, 0, 0)]
Page 1 Img 6 (61x70): Colors: [(0, 0, 0), (0, 0, 0), (0, 0, 0), (0, 0, 0)]
Page 1 Img 7 (61x66): Colors: [(0, 0, 0), (0, 0, 0), (0, 0, 0), (0, 0, 0)]
Page 1 Img 8 (62x71): Colors: [(0, 0, 0), (0, 0, 0), (0, 0, 0), (0, 0, 0)]
Page 2 Img 1 (123x43): Colors: [(255, 255, 255), (255, 255, 255), (255, 255, 255), (255, 255, 255)]
Page 2 Img 2 (27x43): Colors: [(0, 0, 0), (0, 0, 0), (0, 0, 0), (0, 0, 0)]
Page 2 Img 3 (27x45): Colors: [(0, 0, 0), (0, 0, 0), (0, 0, 0), (0, 0, 0)]
Page 2 Img 4 (28x45): Colors: [(0, 0, 0), (0, 0, 0), (0, 0, 0), (0, 0, 0)]
Page 3 Img 1 (123x43): Colors: [(255, 255, 255), (255, 255, 255), (255, 255, 255), (255, 255, 255)]
Page 3 Img 2 (27x45): Colors: [(0, 0, 0), (0, 0, 0), (0, 0, 0), (0, 0, 0)]
Page 3 Img 3 (28x45): Colors: [(0, 0, 0), (0, 0, 0), (0, 0, 0), (0, 0, 0)]
Page 4 Img 1 (123x43): Colors: [(255, 255, 255), (255, 255, 255), (255, 255, 255), (255, 255, 255)]
Page 4 Img 2 (50x43): Colors: [(0, 0, 0), (0, 0, 0), (0, 0, 0), (0, 0, 0)]
Page 4 Img 3 (50x42): Colors: [(0, 0, 0), (0, 0, 0), (0, 0, 0), (0, 0, 0)]
Page 4 Img 4 (50x42): Colors: [(0, 0, 0), (0, 0, 0), (0, 0, 0), (0, 0, 0)]
Page 4 Img 5 (50x43): Colors: [(0, 0, 0), (0, 0, 0), (0, 0, 0), (0, 0, 0)]
Page 4 Img 6 (31x43): Colors: [(0, 0, 0), (0, 0, 0), (0, 0, 0), (0, 0, 0)]
Page 4 Img 7 (50x47): Colors: [(0, 0, 0), (0, 0, 0), (0, 0, 0), (0, 0, 0)]
Page 4 Img 8 (50x47): Colors: [(0, 0, 0), (0, 0, 0), (0, 0, 0), (0, 0, 0)]
Page 4 Img 9 (2x2): Colors: [(0, 0, 0), (0, 0, 0), (0, 0, 0), (0, 0, 0)]
Page 4 Img 10 (2x2): Colors: [(0, 0, 0), (0, 0, 0), (0, 0, 0), (0, 0, 0)]
Page 5 Img 1 (123x43): Colors: [(255, 255, 255), (255, 255, 255), (255, 255, 255), (255, 255, 255)]
Page 6 Img 1 (123x43): Colors: [(255, 255, 255), (255, 255, 255), (255, 255, 255), (255, 255, 255)]
Page 6 Img 2 (50x75): Colors: [(0, 0, 0), (0, 0, 0), (0, 0, 0), (0, 0, 0)]
Page 6 Img 3 (50x70): Colors: [(0, 0, 0), (0, 0, 0), (0, 0, 0), (0, 0, 0)]
Page 6 Img 4 (50x70): Colors: [(0, 0, 0), (0, 0, 0), (0, 0, 0), (0, 0, 0)]
Page 6 Img 5 (50x71): Colors: [(0, 0, 0), (0, 0, 0), (0, 0, 0), (0, 0, 0)]
Page 6 Img 6 (50x71): Colors: [(0, 0, 0), (0, 0, 0), (0, 0, 0), (0, 0, 0)]
Page 6 Img 7 (2x2): Colors: [(0, 0, 0), (0, 0, 0), (0, 0, 0), (0, 0, 0)]
Page 6 Img 8 (2x2): Colors: [(0, 0, 0), (0, 0, 0), (0, 0, 0), (0, 0, 0)]
Page 7 Img 1 (123x43): Colors: [(255, 255, 255), (255, 255, 255), (255, 255, 255), (255, 255, 255)]
Page 7 Img 2 (455x283): Colors: [(255, 255, 202), (255, 255, 202), (255, 255, 202), (255, 255, 202)]
Page 7 Img 3 (760x451): Colors: [(255, 255, 202), (255, 255, 202), (255, 255, 202), (255, 255, 202)]
Page 8 Img 1 (123x43): Colors: [(255, 255, 255), (255, 255, 255), (255, 255, 255), (255, 255, 255)]
Page 9 Img 1 (123x43): Colors: [(255, 255, 255), (255, 255, 255), (255, 255, 255), (255, 255, 255)]
Page 9 Img 2 (535x284): Colors: [(255, 255, 202), (255, 255, 202), (255, 255, 202), (255, 255, 202)]
Page 9 Img 3 (37x62): Colors: [(0, 0, 0), (0, 0, 0), (0, 0, 0), (0, 0, 0)]
Page 9 Img 4 (37x62): Colors: [(0, 0, 0), (0, 0, 0), (0, 0, 0), (0, 0, 0)]
Page 9 Img 5 (55x62): Colors: [(0, 0, 0), (0, 0, 0), (0, 0, 0), (0, 0, 0)]
Page 9 Img 6 (55x62): Colors: [(0, 0, 0), (0, 0, 0), (0, 0, 0), (0, 0, 0)]
Page 9 Img 7 (56x62): Colors: [(0, 0, 0), (0, 0, 0), (0, 0, 0), (0, 0, 0)]
Page 9 Img 8 (37x32): Colors: [(0, 0, 0), (0, 0, 0), (0, 0, 0), (0, 0, 0)]
Page 9 Img 9 (37x36): Colors: [(0, 0, 0), (0, 0, 0), (0, 0, 0), (0, 0, 0)]
Page 9 Img 10 (37x34): Colors: [(0, 0, 0), (0, 0, 0), (0, 0, 0), (0, 0, 0)]
Page 9 Img 11 (37x38): Colors: [(0, 0, 0), (0, 0, 0), (0, 0, 0), (0, 0, 0)]
Page 9 Img 12 (37x35): Colors: [(0, 0, 0), (0, 0, 0), (0, 0, 0), (0, 0, 0)]
Page 9 Img 13 (37x34): Colors: [(0, 0, 0), (0, 0, 0), (0, 0, 0), (0, 0, 0)]
Page 9 Img 14 (37x33): Colors: [(0, 0, 0), (0, 0, 0), (0, 0, 0), (0, 0, 0)]
Page 9 Img 15 (106x37): Colors: [(0, 0, 0), (0, 0, 0), (0, 0, 0), (0, 0, 0)]
Page 9 Img 16 (104x35): Colors: [(0, 0, 0), (0, 0, 0), (0, 0, 0), (0, 0, 0)]
Page 9 Img 17 (106x30): Colors: [(0, 0, 0), (0, 0, 0), (0, 0, 0), (0, 0, 0)]
Page 9 Img 18 (106x44): Colors: [(0, 0, 0), (0, 0, 0), (0, 0, 0), (0, 0, 0)]
Page 9 Img 19 (104x44): Colors: [(0, 0, 0), (0, 0, 0), (0, 0, 0), (0, 0, 0)]
Page 9 Img 20 (72x32): Colors: [(0, 0, 0), (0, 0, 0), (0, 0, 0), (0, 0, 0)]
Page 9 Img 21 (72x30): Colors: [(0, 0, 0), (0, 0, 0), (0, 0, 0), (0, 0, 0)]
Page 10 Img 1 (123x43): Colors: [(255, 255, 255), (255, 255, 255), (255, 255, 255), (255, 255, 255)]
Page 10 Img 2 (25x70): Colors: [(0, 0, 0), (0, 0, 0), (0, 0, 0), (0, 0, 0)]
Page 10 Img 3 (20x70): Colors: [(0, 0, 0), (0, 0, 0), (0, 0, 0), (0, 0, 0)]
Page 10 Img 4 (2x2): Colors: [(0, 0, 0), (0, 0, 0), (0, 0, 0), (0, 0, 0)]
Page 11 Img 1 (123x43): Colors: [(255, 255, 255), (255, 255, 255), (255, 255, 255), (255, 255, 255)]
Page 11 Img 2 (332x413): Colors: [(255, 255, 201), (255, 255, 201), (255, 255, 201), (255, 255, 201)]
Page 12 Img 1 (123x43): Colors: [(255, 255, 255), (255, 255, 255), (255, 255, 255), (255, 255, 255)]
Page 12 Img 2 (310x181): Colors: [(255, 255, 202), (255, 255, 202), (255, 255, 202), (255, 255, 202)]
Page 12 Img 3 (2x2): Colors: [(0, 0, 0), (0, 0, 0), (0, 0, 0), (0, 0, 0)]
Page 12 Img 4 (2x2): Colors: [(0, 0, 0), (0, 0, 0), (0, 0, 0), (0, 0, 0)]
Page 13 Img 1 (123x43): Colors: [(255, 255, 255), (255, 255, 255), (255, 255, 255), (255, 255, 255)]
Page 13 Img 2 (2x2): Colors: [(0, 0, 0), (0, 0, 0), (0, 0, 0), (0, 0, 0)]
Page 13 Img 3 (2x2): Colors: [(0, 0, 0), (0, 0, 0), (0, 0, 0), (0, 0, 0)]
Page 13 Img 4 (2x2): Colors: [(0, 0, 0), (0, 0, 0), (0, 0, 0), (0, 0, 0)]
Page 13 Img 5 (2x2): Colors: [(0, 0, 0), (0, 0, 0), (0, 0, 0), (0, 0, 0)]
Page 13 Img 6 (2x2): Colors: [(0, 0, 0), (0, 0, 0), (0, 0, 0), (0, 0, 0)]
Page 13 Img 7 (2x2): Colors: [(0, 0, 0), (0, 0, 0), (0, 0, 0), (0, 0, 0)]
Page 13 Img 8 (2x2): Colors: [(0, 0, 0), (0, 0, 0), (0, 0, 0), (0, 0, 0)]
Page 13 Img 9 (2x2): Colors: [(0, 0, 0), (0, 0, 0), (0, 0, 0), (0, 0, 0)]
Page 13 Img 10 (2x2): Colors: [(0, 0, 0), (0, 0, 0), (0, 0, 0), (0, 0, 0)]
Page 14 Img 1 (123x43): Colors: [(255, 255, 255), (255, 255, 255), (255, 255, 255), (255, 255, 255)]
Page 14 Img 2 (538x483): Colors: [(255, 255, 201), (255, 255, 201), (255, 255, 201), (255, 255, 201)]
Page 15 Img 1 (123x43): Colors: [(255, 255, 255), (255, 255, 255), (255, 255, 255), (255, 255, 255)]
Page 15 Img 2 (319x168): Colors: [(255, 255, 202), (255, 255, 202), (255, 255, 202), (255, 255, 202)]
Page 15 Img 3 (20x70): Colors: [(0, 0, 0), (0, 0, 0), (0, 0, 0), (0, 0, 0)]
Page 15 Img 4 (47x70): Colors: [(0, 0, 0), (0, 0, 0), (0, 0, 0), (0, 0, 0)]
Page 15 Img 5 (46x70): Colors: [(0, 0, 0), (0, 0, 0), (0, 0, 0), (0, 0, 0)]
Page 15 Img 6 (47x71): Colors: [(0, 0, 0), (0, 0, 0), (0, 0, 0), (0, 0, 0)]
Page 15 Img 7 (20x62): Colors: [(0, 0, 0), (0, 0, 0), (0, 0, 0), (0, 0, 0)]
Page 16 Img 1 (123x43): Colors: [(255, 255, 255), (255, 255, 255), (255, 255, 255), (255, 255, 255)]
Page 17 Img 1 (123x43): Colors: [(255, 255, 255), (255, 255, 255), (255, 255, 255), (255, 255, 255)]
Page 17 Img 2 (2x2): Colors: [(0, 0, 0), (0, 0, 0), (0, 0, 0), (0, 0, 0)]
Page 18 Img 1 (123x43): Colors: [(255, 255, 255), (255, 255, 255), (255, 255, 255), (255, 255, 255)]
Page 19 Img 1 (123x43): Colors: [(255, 255, 255), (255, 255, 255), (255, 255, 255), (255, 255, 255)]
Page 19 Img 2 (330x217): Colors: [(255, 255, 255), (255, 255, 255), (255, 255, 255), (255, 255, 255)]
Page 19 Img 3 (2x2): Colors: [(0, 0, 0), (0, 0, 0), (0, 0, 0), (0, 0, 0)]
Page 19 Img 4 (2x2): Colors: [(0, 0, 0), (0, 0, 0), (0, 0, 0), (0, 0, 0)]
Page 19 Img 5 (2x2): Colors: [(0, 0, 0), (0, 0, 0), (0, 0, 0), (0, 0, 0)]
Page 20 Img 1 (123x43): Colors: [(255, 255, 255), (255, 255, 255), (255, 255, 255), (255, 255, 255)]
Page 20 Img 2 (435x395): Colors: [(255, 255, 201), (255, 255, 201), (255, 255, 201), (255, 255, 201)]
Page 20 Img 3 (417x506): Colors: [(255, 255, 201), (255, 255, 201), (255, 255, 201), (255, 255, 201)]
Page 20 Img 4 (2x2): Colors: [(0, 0, 0), (0, 0, 0), (0, 0, 0), (0, 0, 0)]
Page 20 Img 5 (2x2): Colors: [(0, 0, 0), (0, 0, 0), (0, 0, 0), (0, 0, 0)]
Page 20 Img 6 (2x2): Colors: [(0, 0, 0), (0, 0, 0), (0, 0, 0), (0, 0, 0)]
Page 20 Img 7 (2x2): Colors: [(0, 0, 0), (0, 0, 0), (0, 0, 0), (0, 0, 0)]
Page 20 Img 8 (2x2): Colors: [(0, 0, 0), (0, 0, 0), (0, 0, 0), (0, 0, 0)]
Page 21 Img 1 (123x43): Colors: [(255, 255, 255), (255, 255, 255), (255, 255, 255), (255, 255, 255)]
Page 21 Img 2 (50x43): Colors: [(0, 0, 0), (0, 0, 0), (0, 0, 0), (0, 0, 0)]
Page 21 Img 3 (50x42): Colors: [(0, 0, 0), (0, 0, 0), (0, 0, 0), (0, 0, 0)]
Page 22 Img 1 (123x43): Colors: [(255, 255, 255), (255, 255, 255), (255, 255, 255), (255, 255, 255)]
Page 22 Img 2 (2x2): Colors: [(0, 0, 0), (0, 0, 0), (0, 0, 0), (0, 0, 0)]
Page 23 Img 1 (123x43): Colors: [(255, 255, 255), (255, 255, 255), (255, 255, 255), (255, 255, 255)]
Page 23 Img 2 (2x2): Colors: [(0, 0, 0), (0, 0, 0), (0, 0, 0), (0, 0, 0)]
Page 23 Img 3 (2x2): Colors: [(0, 0, 0), (0, 0, 0), (0, 0, 0), (0, 0, 0)]
Page 23 Img 4 (2x2): Colors: [(0, 0, 0), (0, 0, 0), (0, 0, 0), (0, 0, 0)]
Page 23 Img 5 (2x2): Colors: [(0, 0, 0), (0, 0, 0), (0, 0, 0), (0, 0, 0)]
Page 23 Img 6 (2x2): Colors: [(0, 0, 0), (0, 0, 0), (0, 0, 0), (0, 0, 0)]
Page 24 Img 1 (123x43): Colors: [(255, 255, 255), (255, 255, 255), (255, 255, 255), (255, 255, 255)]
Page 24 Img 2 (50x47): Colors: [(0, 0, 0), (0, 0, 0), (0, 0, 0), (0, 0, 0)]
Page 24 Img 3 (50x47): Colors: [(0, 0, 0), (0, 0, 0), (0, 0, 0), (0, 0, 0)]
Page 24 Img 4 (70x58): Colors: [(0, 0, 0), (0, 0, 0), (0, 0, 0), (0, 0, 0)]
Page 24 Img 5 (2x2): Colors: [(0, 0, 0), (0, 0, 0), (0, 0, 0), (0, 0, 0)]
Page 24 Img 6 (2x2): Colors: [(0, 0, 0), (0, 0, 0), (0, 0, 0), (0, 0, 0)]
